common:
    lid_topic:  "/livox/lidar"
    imu_topic:  "/imu/data"
    time_sync_en: true         # ONLY turn on when external time synchronization is really not possible
    time_offset_lidar_to_imu: 0.0 # Time offset between lidar and IMU calibrated by other algorithms, e.g. LI-Init (can be found in README).
                                  # This param will take effect no matter what time_sync_en is. So if the time offset is not known exactly, please set as 0.0

preprocess:
    lidar_type: 1                # 1 for Livox serials LiDAR, 2 for Velodyne LiDAR, 3 for ouster LiDAR, 
    scan_line: 4
    blind: 0.5

mapping:
    acc_cov: 0.1
    gyr_cov: 0.1
    b_acc_cov: 0.0001
    b_gyr_cov: 0.0001
    fov_degree:    360
    det_range:     100.0
    extrinsic_est_en:  true      # true: enable the online estimation of IMU-LiDAR extrinsic
    # extrinsic_T: [ -0.011, -0.02329, 0.04412 ]
    # extrinsic_R: [ 1, 0, 0,
    #                0, 1, 0,
    #                0, 0, 1]
    # extrinsic_T: [-0.016755, -0.015833,  0.072368 ]
    # extrinsic_R: [0.710320,  0.006380, -0.703850,
    #                 0.003148,  0.999920,  0.012241,
    #                 0.703872, -0.010910,  0.710244]
    # extrinsic_T: [-0.016533,  0.003133,  0.080728]
    # extrinsic_R: [0.999617, -0.000298,  0.027667,
    #             -0.000676,  0.999381,  0.035180,
    #             -0.027660, -0.035185,  0.998998]
    extrinsic_T: [0.013496, -0.016400,  0.083312]
    extrinsic_R: [0.999877, -0.013416, -0.008117,
                    0.013419,  0.999910,  0.000321,
                    0.008112, -0.000430,  0.999967]

publish:
    path_en:  false
    scan_publish_en:  true       # false: close all the point cloud output
    dense_publish_en: true       # false: low down the points number in a global-frame point clouds scan.
    scan_bodyframe_pub_en: true  # true: output the point cloud scans in IMU-body-frame

pcd_save:
    pcd_save_en: true
    interval: -1                 # how many LiDAR frames saved in each pcd file; 
                                 # -1 : all frames will be saved in ONE pcd file, may lead to memory crash when having too much frames.
